0 0 0
0 0 171
0 171 0
0 171 171
171 0 0
171 0 171
171 87 0
171 171 171
87 87 87
87 87 255
87 255 87
87 255 255
255 87 87
255 87 255
255 255 87
255 255 255
239 239 239
223 223 223
211 211 211
195 195 195
179 179 179
167 167 167
151 151 151
139 139 139
123 123 123
111 111 111
95 95 95
83 83 83
67 67 67
55 55 55
39 39 39
27 27 27
211 63 0
199 55 0
187 47 0
175 39 0
163 35 0
155 27 0
143 23 0
131 19 0
119 15 0
107 11 0
99 7 0
87 7 0
75 0 0
63 0 0
51 0 0
43 0 0
233 187 167
211 175 155
199 163 147
187 155 139
175 143 127
163 135 119
151 123 111
143 115 103
131 103 91
119 95 83
107 83 75
95 75 67
83 67 59
71 55 51
59 47 53
51 39 35
0 59 167
0 55 159
0 51 151
0 47 143
0 43 135
0 43 127
0 39 119
0 35 111
0 31 103
0 31 95
0 27 87
0 23 79
0 23 71
0 19 63
0 15 59
0 15 51
131 195 0
123 183 0
115 175 0
107 163 0
99 151 0
95 143 0
87 131 0
79 123 0
71 111 0
67 103 0
59 91 0
51 83 0
47 71 0
39 63 0
31 51 0
27 43 0
0 231 231
0 207 207
0 183 183
0 159 159
0 135 135
0 111 111
0 87 87
0 67 67
0 159 0
0 143 0
0 131 0
0 119 0
0 103 0
0 91 0
0 79 0
0 67 0
223 0 227
199 0 203
179 0 179
155 0 155
135 0 135
111 0 111
87 0 87
67 0 67
223 199 0
195 175 0
171 151 0
143 131 0
119 107 0
91 83 0
67 59 0
43 39 0
95 191 255
71 167 231
55 147 211
39 127 187
23 107 167
15 91 143
7 75 123
0 59 103
223 139 0
195 119 0
171 103 0
147 87 0
123 71 0
99 55 0
75 39 0
51 27 0
163 103 63
147 95 55
131 91 51
115 83 43
103 75 39
87 67 35
71 55 27
59 47 23
0 0 147
0 0 135
0 0 123
0 0 111
0 0 99
0 0 87
0 0 75
0 0 67
235 171 139
211 151 123
187 131 107
163 111 91
143 95 79
119 79 63
96 63 51
75 47 39
155 0 231
131 0 207
119 0 183
99 0 159
83 0 135
71 0 115
55 0 91
43 0 67
179 219 183
159 195 163
139 171 143
123 151 123
103 127 107
87 107 87
67 83 67
51 63 51
227 0 231
203 0 207
183 0 183
159 0 159
135 0 135
111 0 115
91 0 91
67 0 67
215 231 219
203 215 203
191 203 191
179 191 179
167 179 167
151 167 155
139 151 143
127 139 131
115 127 119
103 115 107
91 103 95
79 87 79
67 75 67
59 63 59
47 51 47
35 39 35
235 183 175
219 171 163
207 159 155
195 151 147
179 139 135
167 131 127
155 119 115
139 107 107
127 99 95
115 87 87
99 79 75
87 67 67
75 55 55
59 47 47
47 35 35
35 27 27
247 111 23
243 107 19
243 99 19
239 99 19
239 95 19
235 87 19
235 83 15
231 79 15
231 75 15
227 71 15
227 67 11
223 63 11
223 59 11
219 55 11
219 51 7
215 51 7
215 47 7
211 43 7
211 39 7
201 35 7
207 31 7
203 27 7
203 23 7
199 19 0
199 15 0
195 15 0
195 11 0
191 7 0
191 4 0
187 0 0
183 0 0
255 255 255